config_basename,prompt_id,prompt_id_cs,prompt_id_ctrl,layer,avg_cosine_similarity_layer,activation_type_capture,calculation_space,reduction_method,final_components,pca_components,norm_method,umap_neighbors,umap_min_dist,tsne_perplexity
llama3.2-3b-config_cs_suite_reduce_umap_residual_3d-02,emotional_instructional_02_pos_mod_cs,emotional_instructional_02_pos_mod_cs,emotional_instructional_02_neutral_ctrl,0,0.9954053412606316,attn_output,full,,,50,,15,0.1,N/A
llama3.2-3b-config_cs_suite_reduce_umap_residual_3d-02,emotional_instructional_02_pos_mod_cs,emotional_instructional_02_pos_mod_cs,emotional_instructional_02_neutral_ctrl,0,0.9493793657849472,mlp_output,full,,,50,,15,0.1,N/A
llama3.2-3b-config_cs_suite_reduce_umap_residual_3d-02,emotional_instructional_02_pos_mod_cs,emotional_instructional_02_pos_mod_cs,emotional_instructional_02_neutral_ctrl,0,0.9477458104541993,residual_stream,full,,,50,,15,0.1,N/A
llama3.2-3b-config_cs_suite_reduce_umap_residual_3d-02,emotional_instructional_02_pos_mod_cs,emotional_instructional_02_pos_mod_cs,emotional_instructional_02_neutral_ctrl,1,0.9872083438149896,attn_output,full,,,50,,15,0.1,N/A
llama3.2-3b-config_cs_suite_reduce_umap_residual_3d-02,emotional_instructional_02_pos_mod_cs,emotional_instructional_02_pos_mod_cs,emotional_instructional_02_neutral_ctrl,1,0.9351705660223296,mlp_output,full,,,50,,15,0.1,N/A
llama3.2-3b-config_cs_suite_reduce_umap_residual_3d-02,emotional_instructional_02_pos_mod_cs,emotional_instructional_02_pos_mod_cs,emotional_instructional_02_neutral_ctrl,1,0.9511522130719868,residual_stream,full,,,50,,15,0.1,N/A
llama3.2-3b-config_cs_suite_reduce_umap_residual_3d-02,emotional_instructional_02_pos_mod_cs,emotional_instructional_02_pos_mod_cs,emotional_instructional_02_neutral_ctrl,2,0.9931317235313891,attn_output,full,,,50,,15,0.1,N/A
llama3.2-3b-config_cs_suite_reduce_umap_residual_3d-02,emotional_instructional_02_pos_mod_cs,emotional_instructional_02_pos_mod_cs,emotional_instructional_02_neutral_ctrl,2,0.9334176870664279,mlp_output,full,,,50,,15,0.1,N/A
llama3.2-3b-config_cs_suite_reduce_umap_residual_3d-02,emotional_instructional_02_pos_mod_cs,emotional_instructional_02_pos_mod_cs,emotional_instructional_02_neutral_ctrl,2,0.9481016627169185,residual_stream,full,,,50,,15,0.1,N/A
llama3.2-3b-config_cs_suite_reduce_umap_residual_3d-02,emotional_instructional_02_pos_mod_cs,emotional_instructional_02_pos_mod_cs,emotional_instructional_02_neutral_ctrl,3,0.9791412627344545,attn_output,full,,,50,,15,0.1,N/A
llama3.2-3b-config_cs_suite_reduce_umap_residual_3d-02,emotional_instructional_02_pos_mod_cs,emotional_instructional_02_pos_mod_cs,emotional_instructional_02_neutral_ctrl,3,0.9384689685748252,mlp_output,full,,,50,,15,0.1,N/A
llama3.2-3b-config_cs_suite_reduce_umap_residual_3d-02,emotional_instructional_02_pos_mod_cs,emotional_instructional_02_pos_mod_cs,emotional_instructional_02_neutral_ctrl,3,0.9543957749881965,residual_stream,full,,,50,,15,0.1,N/A
llama3.2-3b-config_cs_suite_reduce_umap_residual_3d-02,emotional_instructional_02_pos_mod_cs,emotional_instructional_02_pos_mod_cs,emotional_instructional_02_neutral_ctrl,4,0.9744213052266442,attn_output,full,,,50,,15,0.1,N/A
llama3.2-3b-config_cs_suite_reduce_umap_residual_3d-02,emotional_instructional_02_pos_mod_cs,emotional_instructional_02_pos_mod_cs,emotional_instructional_02_neutral_ctrl,4,0.9391682548183744,mlp_output,full,,,50,,15,0.1,N/A
llama3.2-3b-config_cs_suite_reduce_umap_residual_3d-02,emotional_instructional_02_pos_mod_cs,emotional_instructional_02_pos_mod_cs,emotional_instructional_02_neutral_ctrl,4,0.9559790516109378,residual_stream,full,,,50,,15,0.1,N/A
llama3.2-3b-config_cs_suite_reduce_umap_residual_3d-02,emotional_instructional_02_pos_mod_cs,emotional_instructional_02_pos_mod_cs,emotional_instructional_02_neutral_ctrl,5,0.9799524695286705,attn_output,full,,,50,,15,0.1,N/A
llama3.2-3b-config_cs_suite_reduce_umap_residual_3d-02,emotional_instructional_02_pos_mod_cs,emotional_instructional_02_pos_mod_cs,emotional_instructional_02_neutral_ctrl,5,0.9394502030708743,mlp_output,full,,,50,,15,0.1,N/A
llama3.2-3b-config_cs_suite_reduce_umap_residual_3d-02,emotional_instructional_02_pos_mod_cs,emotional_instructional_02_pos_mod_cs,emotional_instructional_02_neutral_ctrl,5,0.9575968430032937,residual_stream,full,,,50,,15,0.1,N/A
llama3.2-3b-config_cs_suite_reduce_umap_residual_3d-02,emotional_instructional_02_pos_mod_cs,emotional_instructional_02_pos_mod_cs,emotional_instructional_02_neutral_ctrl,6,0.9731535887837262,attn_output,full,,,50,,15,0.1,N/A
llama3.2-3b-config_cs_suite_reduce_umap_residual_3d-02,emotional_instructional_02_pos_mod_cs,emotional_instructional_02_pos_mod_cs,emotional_instructional_02_neutral_ctrl,6,0.9451108039701327,mlp_output,full,,,50,,15,0.1,N/A
llama3.2-3b-config_cs_suite_reduce_umap_residual_3d-02,emotional_instructional_02_pos_mod_cs,emotional_instructional_02_pos_mod_cs,emotional_instructional_02_neutral_ctrl,6,0.9578546615742208,residual_stream,full,,,50,,15,0.1,N/A
llama3.2-3b-config_cs_suite_reduce_umap_residual_3d-02,emotional_instructional_02_pos_mod_cs,emotional_instructional_02_pos_mod_cs,emotional_instructional_02_neutral_ctrl,7,0.977308301067001,attn_output,full,,,50,,15,0.1,N/A
llama3.2-3b-config_cs_suite_reduce_umap_residual_3d-02,emotional_instructional_02_pos_mod_cs,emotional_instructional_02_pos_mod_cs,emotional_instructional_02_neutral_ctrl,7,0.9411217767937807,mlp_output,full,,,50,,15,0.1,N/A
llama3.2-3b-config_cs_suite_reduce_umap_residual_3d-02,emotional_instructional_02_pos_mod_cs,emotional_instructional_02_pos_mod_cs,emotional_instructional_02_neutral_ctrl,7,0.956783587252056,residual_stream,full,,,50,,15,0.1,N/A
llama3.2-3b-config_cs_suite_reduce_umap_residual_3d-02,emotional_instructional_02_pos_mod_cs,emotional_instructional_02_pos_mod_cs,emotional_instructional_02_neutral_ctrl,8,0.9587275602945642,attn_output,full,,,50,,15,0.1,N/A
llama3.2-3b-config_cs_suite_reduce_umap_residual_3d-02,emotional_instructional_02_pos_mod_cs,emotional_instructional_02_pos_mod_cs,emotional_instructional_02_neutral_ctrl,8,0.9411793364559468,mlp_output,full,,,50,,15,0.1,N/A
llama3.2-3b-config_cs_suite_reduce_umap_residual_3d-02,emotional_instructional_02_pos_mod_cs,emotional_instructional_02_pos_mod_cs,emotional_instructional_02_neutral_ctrl,8,0.9559684076675928,residual_stream,full,,,50,,15,0.1,N/A
llama3.2-3b-config_cs_suite_reduce_umap_residual_3d-02,emotional_instructional_02_pos_mod_cs,emotional_instructional_02_pos_mod_cs,emotional_instructional_02_neutral_ctrl,9,0.9777900893607342,attn_output,full,,,50,,15,0.1,N/A
llama3.2-3b-config_cs_suite_reduce_umap_residual_3d-02,emotional_instructional_02_pos_mod_cs,emotional_instructional_02_pos_mod_cs,emotional_instructional_02_neutral_ctrl,9,0.9459501035355964,mlp_output,full,,,50,,15,0.1,N/A
llama3.2-3b-config_cs_suite_reduce_umap_residual_3d-02,emotional_instructional_02_pos_mod_cs,emotional_instructional_02_pos_mod_cs,emotional_instructional_02_neutral_ctrl,9,0.9567724360577823,residual_stream,full,,,50,,15,0.1,N/A
llama3.2-3b-config_cs_suite_reduce_umap_residual_3d-02,emotional_instructional_02_pos_mod_cs,emotional_instructional_02_pos_mod_cs,emotional_instructional_02_neutral_ctrl,10,0.9777894789520901,attn_output,full,,,50,,15,0.1,N/A
llama3.2-3b-config_cs_suite_reduce_umap_residual_3d-02,emotional_instructional_02_pos_mod_cs,emotional_instructional_02_pos_mod_cs,emotional_instructional_02_neutral_ctrl,10,0.9325343423203118,mlp_output,full,,,50,,15,0.1,N/A
llama3.2-3b-config_cs_suite_reduce_umap_residual_3d-02,emotional_instructional_02_pos_mod_cs,emotional_instructional_02_pos_mod_cs,emotional_instructional_02_neutral_ctrl,10,0.950361190207992,residual_stream,full,,,50,,15,0.1,N/A
llama3.2-3b-config_cs_suite_reduce_umap_residual_3d-02,emotional_instructional_02_pos_mod_cs,emotional_instructional_02_pos_mod_cs,emotional_instructional_02_neutral_ctrl,11,0.9738129255078807,attn_output,full,,,50,,15,0.1,N/A
llama3.2-3b-config_cs_suite_reduce_umap_residual_3d-02,emotional_instructional_02_pos_mod_cs,emotional_instructional_02_pos_mod_cs,emotional_instructional_02_neutral_ctrl,11,0.9488854843954768,mlp_output,full,,,50,,15,0.1,N/A
llama3.2-3b-config_cs_suite_reduce_umap_residual_3d-02,emotional_instructional_02_pos_mod_cs,emotional_instructional_02_pos_mod_cs,emotional_instructional_02_neutral_ctrl,11,0.9587629602032081,residual_stream,full,,,50,,15,0.1,N/A
llama3.2-3b-config_cs_suite_reduce_umap_residual_3d-02,emotional_instructional_02_pos_mod_cs,emotional_instructional_02_pos_mod_cs,emotional_instructional_02_neutral_ctrl,12,0.9791701410203292,attn_output,full,,,50,,15,0.1,N/A
llama3.2-3b-config_cs_suite_reduce_umap_residual_3d-02,emotional_instructional_02_pos_mod_cs,emotional_instructional_02_pos_mod_cs,emotional_instructional_02_neutral_ctrl,12,0.9470737318549393,mlp_output,full,,,50,,15,0.1,N/A
llama3.2-3b-config_cs_suite_reduce_umap_residual_3d-02,emotional_instructional_02_pos_mod_cs,emotional_instructional_02_pos_mod_cs,emotional_instructional_02_neutral_ctrl,12,0.9581663121620781,residual_stream,full,,,50,,15,0.1,N/A
llama3.2-3b-config_cs_suite_reduce_umap_residual_3d-02,emotional_instructional_02_pos_mod_cs,emotional_instructional_02_pos_mod_cs,emotional_instructional_02_neutral_ctrl,13,0.9671819087992575,attn_output,full,,,50,,15,0.1,N/A
llama3.2-3b-config_cs_suite_reduce_umap_residual_3d-02,emotional_instructional_02_pos_mod_cs,emotional_instructional_02_pos_mod_cs,emotional_instructional_02_neutral_ctrl,13,0.9433512694876136,mlp_output,full,,,50,,15,0.1,N/A
llama3.2-3b-config_cs_suite_reduce_umap_residual_3d-02,emotional_instructional_02_pos_mod_cs,emotional_instructional_02_pos_mod_cs,emotional_instructional_02_neutral_ctrl,13,0.9580813409040357,residual_stream,full,,,50,,15,0.1,N/A
llama3.2-3b-config_cs_suite_reduce_umap_residual_3d-02,emotional_instructional_02_pos_mod_cs,emotional_instructional_02_pos_mod_cs,emotional_instructional_02_neutral_ctrl,14,0.9630356034415652,attn_output,full,,,50,,15,0.1,N/A
llama3.2-3b-config_cs_suite_reduce_umap_residual_3d-02,emotional_instructional_02_pos_mod_cs,emotional_instructional_02_pos_mod_cs,emotional_instructional_02_neutral_ctrl,14,0.9478663045015534,mlp_output,full,,,50,,15,0.1,N/A
llama3.2-3b-config_cs_suite_reduce_umap_residual_3d-02,emotional_instructional_02_pos_mod_cs,emotional_instructional_02_pos_mod_cs,emotional_instructional_02_neutral_ctrl,14,0.9618110402497585,residual_stream,full,,,50,,15,0.1,N/A
llama3.2-3b-config_cs_suite_reduce_umap_residual_3d-02,emotional_instructional_02_pos_mod_cs,emotional_instructional_02_pos_mod_cs,emotional_instructional_02_neutral_ctrl,15,0.9824197388516734,attn_output,full,,,50,,15,0.1,N/A
llama3.2-3b-config_cs_suite_reduce_umap_residual_3d-02,emotional_instructional_02_pos_mod_cs,emotional_instructional_02_pos_mod_cs,emotional_instructional_02_neutral_ctrl,15,0.9439595643370048,mlp_output,full,,,50,,15,0.1,N/A
llama3.2-3b-config_cs_suite_reduce_umap_residual_3d-02,emotional_instructional_02_pos_mod_cs,emotional_instructional_02_pos_mod_cs,emotional_instructional_02_neutral_ctrl,15,0.9608633755909625,residual_stream,full,,,50,,15,0.1,N/A
llama3.2-3b-config_cs_suite_reduce_umap_residual_3d-02,emotional_instructional_02_pos_mod_cs,emotional_instructional_02_pos_mod_cs,emotional_instructional_02_neutral_ctrl,16,0.9760543411189733,attn_output,full,,,50,,15,0.1,N/A
llama3.2-3b-config_cs_suite_reduce_umap_residual_3d-02,emotional_instructional_02_pos_mod_cs,emotional_instructional_02_pos_mod_cs,emotional_instructional_02_neutral_ctrl,16,0.9534199770979511,mlp_output,full,,,50,,15,0.1,N/A
llama3.2-3b-config_cs_suite_reduce_umap_residual_3d-02,emotional_instructional_02_pos_mod_cs,emotional_instructional_02_pos_mod_cs,emotional_instructional_02_neutral_ctrl,16,0.9646277541890534,residual_stream,full,,,50,,15,0.1,N/A
llama3.2-3b-config_cs_suite_reduce_umap_residual_3d-02,emotional_instructional_02_pos_mod_cs,emotional_instructional_02_pos_mod_cs,emotional_instructional_02_neutral_ctrl,17,0.9784570482201285,attn_output,full,,,50,,15,0.1,N/A
llama3.2-3b-config_cs_suite_reduce_umap_residual_3d-02,emotional_instructional_02_pos_mod_cs,emotional_instructional_02_pos_mod_cs,emotional_instructional_02_neutral_ctrl,17,0.9435024283679417,mlp_output,full,,,50,,15,0.1,N/A
llama3.2-3b-config_cs_suite_reduce_umap_residual_3d-02,emotional_instructional_02_pos_mod_cs,emotional_instructional_02_pos_mod_cs,emotional_instructional_02_neutral_ctrl,17,0.9641557590089395,residual_stream,full,,,50,,15,0.1,N/A
llama3.2-3b-config_cs_suite_reduce_umap_residual_3d-02,emotional_instructional_02_pos_mod_cs,emotional_instructional_02_pos_mod_cs,emotional_instructional_02_neutral_ctrl,18,0.9729206672670088,attn_output,full,,,50,,15,0.1,N/A
llama3.2-3b-config_cs_suite_reduce_umap_residual_3d-02,emotional_instructional_02_pos_mod_cs,emotional_instructional_02_pos_mod_cs,emotional_instructional_02_neutral_ctrl,18,0.9460276433821952,mlp_output,full,,,50,,15,0.1,N/A
llama3.2-3b-config_cs_suite_reduce_umap_residual_3d-02,emotional_instructional_02_pos_mod_cs,emotional_instructional_02_pos_mod_cs,emotional_instructional_02_neutral_ctrl,18,0.9649091654505735,residual_stream,full,,,50,,15,0.1,N/A
llama3.2-3b-config_cs_suite_reduce_umap_residual_3d-02,emotional_instructional_02_pos_mod_cs,emotional_instructional_02_pos_mod_cs,emotional_instructional_02_neutral_ctrl,19,0.9834366223694514,attn_output,full,,,50,,15,0.1,N/A
llama3.2-3b-config_cs_suite_reduce_umap_residual_3d-02,emotional_instructional_02_pos_mod_cs,emotional_instructional_02_pos_mod_cs,emotional_instructional_02_neutral_ctrl,19,0.9535537926592691,mlp_output,full,,,50,,15,0.1,N/A
llama3.2-3b-config_cs_suite_reduce_umap_residual_3d-02,emotional_instructional_02_pos_mod_cs,emotional_instructional_02_pos_mod_cs,emotional_instructional_02_neutral_ctrl,19,0.9676973960993215,residual_stream,full,,,50,,15,0.1,N/A
llama3.2-3b-config_cs_suite_reduce_umap_residual_3d-02,emotional_instructional_02_pos_mod_cs,emotional_instructional_02_pos_mod_cs,emotional_instructional_02_neutral_ctrl,20,0.9852496820435008,attn_output,full,,,50,,15,0.1,N/A
llama3.2-3b-config_cs_suite_reduce_umap_residual_3d-02,emotional_instructional_02_pos_mod_cs,emotional_instructional_02_pos_mod_cs,emotional_instructional_02_neutral_ctrl,20,0.9571175281425947,mlp_output,full,,,50,,15,0.1,N/A
llama3.2-3b-config_cs_suite_reduce_umap_residual_3d-02,emotional_instructional_02_pos_mod_cs,emotional_instructional_02_pos_mod_cs,emotional_instructional_02_neutral_ctrl,20,0.9708321214335346,residual_stream,full,,,50,,15,0.1,N/A
llama3.2-3b-config_cs_suite_reduce_umap_residual_3d-02,emotional_instructional_02_pos_mod_cs,emotional_instructional_02_pos_mod_cs,emotional_instructional_02_neutral_ctrl,21,0.9849109017884641,attn_output,full,,,50,,15,0.1,N/A
llama3.2-3b-config_cs_suite_reduce_umap_residual_3d-02,emotional_instructional_02_pos_mod_cs,emotional_instructional_02_pos_mod_cs,emotional_instructional_02_neutral_ctrl,21,0.9551787704211591,mlp_output,full,,,50,,15,0.1,N/A
llama3.2-3b-config_cs_suite_reduce_umap_residual_3d-02,emotional_instructional_02_pos_mod_cs,emotional_instructional_02_pos_mod_cs,emotional_instructional_02_neutral_ctrl,21,0.9718296750865655,residual_stream,full,,,50,,15,0.1,N/A
llama3.2-3b-config_cs_suite_reduce_umap_residual_3d-02,emotional_instructional_02_pos_mod_cs,emotional_instructional_02_pos_mod_cs,emotional_instructional_02_neutral_ctrl,22,0.9918939247797904,attn_output,full,,,50,,15,0.1,N/A
llama3.2-3b-config_cs_suite_reduce_umap_residual_3d-02,emotional_instructional_02_pos_mod_cs,emotional_instructional_02_pos_mod_cs,emotional_instructional_02_neutral_ctrl,22,0.9624097910180948,mlp_output,full,,,50,,15,0.1,N/A
llama3.2-3b-config_cs_suite_reduce_umap_residual_3d-02,emotional_instructional_02_pos_mod_cs,emotional_instructional_02_pos_mod_cs,emotional_instructional_02_neutral_ctrl,22,0.9747742010729116,residual_stream,full,,,50,,15,0.1,N/A
llama3.2-3b-config_cs_suite_reduce_umap_residual_3d-02,emotional_instructional_02_pos_mod_cs,emotional_instructional_02_pos_mod_cs,emotional_instructional_02_neutral_ctrl,23,0.988176630583729,attn_output,full,,,50,,15,0.1,N/A
llama3.2-3b-config_cs_suite_reduce_umap_residual_3d-02,emotional_instructional_02_pos_mod_cs,emotional_instructional_02_pos_mod_cs,emotional_instructional_02_neutral_ctrl,23,0.9652072758057471,mlp_output,full,,,50,,15,0.1,N/A
llama3.2-3b-config_cs_suite_reduce_umap_residual_3d-02,emotional_instructional_02_pos_mod_cs,emotional_instructional_02_pos_mod_cs,emotional_instructional_02_neutral_ctrl,23,0.976434557527724,residual_stream,full,,,50,,15,0.1,N/A
llama3.2-3b-config_cs_suite_reduce_umap_residual_3d-02,emotional_instructional_02_pos_mod_cs,emotional_instructional_02_pos_mod_cs,emotional_instructional_02_neutral_ctrl,24,0.9861318896540993,attn_output,full,,,50,,15,0.1,N/A
llama3.2-3b-config_cs_suite_reduce_umap_residual_3d-02,emotional_instructional_02_pos_mod_cs,emotional_instructional_02_pos_mod_cs,emotional_instructional_02_neutral_ctrl,24,0.9753207127472404,mlp_output,full,,,50,,15,0.1,N/A
llama3.2-3b-config_cs_suite_reduce_umap_residual_3d-02,emotional_instructional_02_pos_mod_cs,emotional_instructional_02_pos_mod_cs,emotional_instructional_02_neutral_ctrl,24,0.9787863333071009,residual_stream,full,,,50,,15,0.1,N/A
llama3.2-3b-config_cs_suite_reduce_umap_residual_3d-02,emotional_instructional_02_pos_mod_cs,emotional_instructional_02_pos_mod_cs,emotional_instructional_02_neutral_ctrl,25,0.9935650875306997,attn_output,full,,,50,,15,0.1,N/A
llama3.2-3b-config_cs_suite_reduce_umap_residual_3d-02,emotional_instructional_02_pos_mod_cs,emotional_instructional_02_pos_mod_cs,emotional_instructional_02_neutral_ctrl,25,0.9727256977755571,mlp_output,full,,,50,,15,0.1,N/A
llama3.2-3b-config_cs_suite_reduce_umap_residual_3d-02,emotional_instructional_02_pos_mod_cs,emotional_instructional_02_pos_mod_cs,emotional_instructional_02_neutral_ctrl,25,0.9788641585400589,residual_stream,full,,,50,,15,0.1,N/A
llama3.2-3b-config_cs_suite_reduce_umap_residual_3d-02,emotional_instructional_02_pos_mod_cs,emotional_instructional_02_pos_mod_cs,emotional_instructional_02_neutral_ctrl,26,0.9946654505479181,attn_output,full,,,50,,15,0.1,N/A
llama3.2-3b-config_cs_suite_reduce_umap_residual_3d-02,emotional_instructional_02_pos_mod_cs,emotional_instructional_02_pos_mod_cs,emotional_instructional_02_neutral_ctrl,26,0.984237641686176,mlp_output,full,,,50,,15,0.1,N/A
llama3.2-3b-config_cs_suite_reduce_umap_residual_3d-02,emotional_instructional_02_pos_mod_cs,emotional_instructional_02_pos_mod_cs,emotional_instructional_02_neutral_ctrl,26,0.9810976846118756,residual_stream,full,,,50,,15,0.1,N/A
llama3.2-3b-config_cs_suite_reduce_umap_residual_3d-02,emotional_instructional_02_pos_mod_cs,emotional_instructional_02_pos_mod_cs,emotional_instructional_02_neutral_ctrl,27,0.9884904205103505,attn_output,full,,,50,,15,0.1,N/A
llama3.2-3b-config_cs_suite_reduce_umap_residual_3d-02,emotional_instructional_02_pos_mod_cs,emotional_instructional_02_pos_mod_cs,emotional_instructional_02_neutral_ctrl,27,0.9929944165536796,mlp_output,full,,,50,,15,0.1,N/A
llama3.2-3b-config_cs_suite_reduce_umap_residual_3d-02,emotional_instructional_02_pos_mod_cs,emotional_instructional_02_pos_mod_cs,emotional_instructional_02_neutral_ctrl,27,0.9848929614281797,residual_stream,full,,,50,,15,0.1,N/A
llama3.2-3b-config_cs_suite_reduce_umap_residual_3d-02,emotional_instructional_02_pos_mod_cs,emotional_instructional_02_pos_mod_cs,emotional_instructional_02_neutral_ctrl,0,0.9954053412606316,attn_output,full,,,,,,,
llama3.2-3b-config_cs_suite_reduce_umap_residual_3d-02,emotional_instructional_02_pos_mod_cs,emotional_instructional_02_pos_mod_cs,emotional_instructional_02_neutral_ctrl,0,0.9493793657849472,mlp_output,full,,,,,,,
llama3.2-3b-config_cs_suite_reduce_umap_residual_3d-02,emotional_instructional_02_pos_mod_cs,emotional_instructional_02_pos_mod_cs,emotional_instructional_02_neutral_ctrl,0,0.9477458104541993,residual_stream,full,,,,,,,
llama3.2-3b-config_cs_suite_reduce_umap_residual_3d-02,emotional_instructional_02_pos_mod_cs,emotional_instructional_02_pos_mod_cs,emotional_instructional_02_neutral_ctrl,1,0.9872083438149896,attn_output,full,,,,,,,
llama3.2-3b-config_cs_suite_reduce_umap_residual_3d-02,emotional_instructional_02_pos_mod_cs,emotional_instructional_02_pos_mod_cs,emotional_instructional_02_neutral_ctrl,1,0.9351705660223296,mlp_output,full,,,,,,,
llama3.2-3b-config_cs_suite_reduce_umap_residual_3d-02,emotional_instructional_02_pos_mod_cs,emotional_instructional_02_pos_mod_cs,emotional_instructional_02_neutral_ctrl,1,0.9511522130719868,residual_stream,full,,,,,,,
llama3.2-3b-config_cs_suite_reduce_umap_residual_3d-02,emotional_instructional_02_pos_mod_cs,emotional_instructional_02_pos_mod_cs,emotional_instructional_02_neutral_ctrl,2,0.9931317235313891,attn_output,full,,,,,,,
llama3.2-3b-config_cs_suite_reduce_umap_residual_3d-02,emotional_instructional_02_pos_mod_cs,emotional_instructional_02_pos_mod_cs,emotional_instructional_02_neutral_ctrl,2,0.9334176870664279,mlp_output,full,,,,,,,
llama3.2-3b-config_cs_suite_reduce_umap_residual_3d-02,emotional_instructional_02_pos_mod_cs,emotional_instructional_02_pos_mod_cs,emotional_instructional_02_neutral_ctrl,2,0.9481016627169185,residual_stream,full,,,,,,,
llama3.2-3b-config_cs_suite_reduce_umap_residual_3d-02,emotional_instructional_02_pos_mod_cs,emotional_instructional_02_pos_mod_cs,emotional_instructional_02_neutral_ctrl,3,0.9791412627344545,attn_output,full,,,,,,,
llama3.2-3b-config_cs_suite_reduce_umap_residual_3d-02,emotional_instructional_02_pos_mod_cs,emotional_instructional_02_pos_mod_cs,emotional_instructional_02_neutral_ctrl,3,0.9384689685748252,mlp_output,full,,,,,,,
llama3.2-3b-config_cs_suite_reduce_umap_residual_3d-02,emotional_instructional_02_pos_mod_cs,emotional_instructional_02_pos_mod_cs,emotional_instructional_02_neutral_ctrl,3,0.9543957749881965,residual_stream,full,,,,,,,
llama3.2-3b-config_cs_suite_reduce_umap_residual_3d-02,emotional_instructional_02_pos_mod_cs,emotional_instructional_02_pos_mod_cs,emotional_instructional_02_neutral_ctrl,4,0.9744213052266442,attn_output,full,,,,,,,
llama3.2-3b-config_cs_suite_reduce_umap_residual_3d-02,emotional_instructional_02_pos_mod_cs,emotional_instructional_02_pos_mod_cs,emotional_instructional_02_neutral_ctrl,4,0.9391682548183744,mlp_output,full,,,,,,,
llama3.2-3b-config_cs_suite_reduce_umap_residual_3d-02,emotional_instructional_02_pos_mod_cs,emotional_instructional_02_pos_mod_cs,emotional_instructional_02_neutral_ctrl,4,0.9559790516109378,residual_stream,full,,,,,,,
llama3.2-3b-config_cs_suite_reduce_umap_residual_3d-02,emotional_instructional_02_pos_mod_cs,emotional_instructional_02_pos_mod_cs,emotional_instructional_02_neutral_ctrl,5,0.9799524695286705,attn_output,full,,,,,,,
llama3.2-3b-config_cs_suite_reduce_umap_residual_3d-02,emotional_instructional_02_pos_mod_cs,emotional_instructional_02_pos_mod_cs,emotional_instructional_02_neutral_ctrl,5,0.9394502030708743,mlp_output,full,,,,,,,
llama3.2-3b-config_cs_suite_reduce_umap_residual_3d-02,emotional_instructional_02_pos_mod_cs,emotional_instructional_02_pos_mod_cs,emotional_instructional_02_neutral_ctrl,5,0.9575968430032937,residual_stream,full,,,,,,,
llama3.2-3b-config_cs_suite_reduce_umap_residual_3d-02,emotional_instructional_02_pos_mod_cs,emotional_instructional_02_pos_mod_cs,emotional_instructional_02_neutral_ctrl,6,0.9731535887837262,attn_output,full,,,,,,,
llama3.2-3b-config_cs_suite_reduce_umap_residual_3d-02,emotional_instructional_02_pos_mod_cs,emotional_instructional_02_pos_mod_cs,emotional_instructional_02_neutral_ctrl,6,0.9451108039701327,mlp_output,full,,,,,,,
llama3.2-3b-config_cs_suite_reduce_umap_residual_3d-02,emotional_instructional_02_pos_mod_cs,emotional_instructional_02_pos_mod_cs,emotional_instructional_02_neutral_ctrl,6,0.9578546615742208,residual_stream,full,,,,,,,
llama3.2-3b-config_cs_suite_reduce_umap_residual_3d-02,emotional_instructional_02_pos_mod_cs,emotional_instructional_02_pos_mod_cs,emotional_instructional_02_neutral_ctrl,7,0.977308301067001,attn_output,full,,,,,,,
llama3.2-3b-config_cs_suite_reduce_umap_residual_3d-02,emotional_instructional_02_pos_mod_cs,emotional_instructional_02_pos_mod_cs,emotional_instructional_02_neutral_ctrl,7,0.9411217767937807,mlp_output,full,,,,,,,
llama3.2-3b-config_cs_suite_reduce_umap_residual_3d-02,emotional_instructional_02_pos_mod_cs,emotional_instructional_02_pos_mod_cs,emotional_instructional_02_neutral_ctrl,7,0.956783587252056,residual_stream,full,,,,,,,
llama3.2-3b-config_cs_suite_reduce_umap_residual_3d-02,emotional_instructional_02_pos_mod_cs,emotional_instructional_02_pos_mod_cs,emotional_instructional_02_neutral_ctrl,8,0.9587275602945642,attn_output,full,,,,,,,
llama3.2-3b-config_cs_suite_reduce_umap_residual_3d-02,emotional_instructional_02_pos_mod_cs,emotional_instructional_02_pos_mod_cs,emotional_instructional_02_neutral_ctrl,8,0.9411793364559468,mlp_output,full,,,,,,,
llama3.2-3b-config_cs_suite_reduce_umap_residual_3d-02,emotional_instructional_02_pos_mod_cs,emotional_instructional_02_pos_mod_cs,emotional_instructional_02_neutral_ctrl,8,0.9559684076675928,residual_stream,full,,,,,,,
llama3.2-3b-config_cs_suite_reduce_umap_residual_3d-02,emotional_instructional_02_pos_mod_cs,emotional_instructional_02_pos_mod_cs,emotional_instructional_02_neutral_ctrl,9,0.9777900893607342,attn_output,full,,,,,,,
llama3.2-3b-config_cs_suite_reduce_umap_residual_3d-02,emotional_instructional_02_pos_mod_cs,emotional_instructional_02_pos_mod_cs,emotional_instructional_02_neutral_ctrl,9,0.9459501035355964,mlp_output,full,,,,,,,
llama3.2-3b-config_cs_suite_reduce_umap_residual_3d-02,emotional_instructional_02_pos_mod_cs,emotional_instructional_02_pos_mod_cs,emotional_instructional_02_neutral_ctrl,9,0.9567724360577823,residual_stream,full,,,,,,,
llama3.2-3b-config_cs_suite_reduce_umap_residual_3d-02,emotional_instructional_02_pos_mod_cs,emotional_instructional_02_pos_mod_cs,emotional_instructional_02_neutral_ctrl,10,0.9777894789520901,attn_output,full,,,,,,,
llama3.2-3b-config_cs_suite_reduce_umap_residual_3d-02,emotional_instructional_02_pos_mod_cs,emotional_instructional_02_pos_mod_cs,emotional_instructional_02_neutral_ctrl,10,0.9325343423203118,mlp_output,full,,,,,,,
llama3.2-3b-config_cs_suite_reduce_umap_residual_3d-02,emotional_instructional_02_pos_mod_cs,emotional_instructional_02_pos_mod_cs,emotional_instructional_02_neutral_ctrl,10,0.950361190207992,residual_stream,full,,,,,,,
llama3.2-3b-config_cs_suite_reduce_umap_residual_3d-02,emotional_instructional_02_pos_mod_cs,emotional_instructional_02_pos_mod_cs,emotional_instructional_02_neutral_ctrl,11,0.9738129255078807,attn_output,full,,,,,,,
llama3.2-3b-config_cs_suite_reduce_umap_residual_3d-02,emotional_instructional_02_pos_mod_cs,emotional_instructional_02_pos_mod_cs,emotional_instructional_02_neutral_ctrl,11,0.9488854843954768,mlp_output,full,,,,,,,
llama3.2-3b-config_cs_suite_reduce_umap_residual_3d-02,emotional_instructional_02_pos_mod_cs,emotional_instructional_02_pos_mod_cs,emotional_instructional_02_neutral_ctrl,11,0.9587629602032081,residual_stream,full,,,,,,,
llama3.2-3b-config_cs_suite_reduce_umap_residual_3d-02,emotional_instructional_02_pos_mod_cs,emotional_instructional_02_pos_mod_cs,emotional_instructional_02_neutral_ctrl,12,0.9791701410203292,attn_output,full,,,,,,,
llama3.2-3b-config_cs_suite_reduce_umap_residual_3d-02,emotional_instructional_02_pos_mod_cs,emotional_instructional_02_pos_mod_cs,emotional_instructional_02_neutral_ctrl,12,0.9470737318549393,mlp_output,full,,,,,,,
llama3.2-3b-config_cs_suite_reduce_umap_residual_3d-02,emotional_instructional_02_pos_mod_cs,emotional_instructional_02_pos_mod_cs,emotional_instructional_02_neutral_ctrl,12,0.9581663121620781,residual_stream,full,,,,,,,
llama3.2-3b-config_cs_suite_reduce_umap_residual_3d-02,emotional_instructional_02_pos_mod_cs,emotional_instructional_02_pos_mod_cs,emotional_instructional_02_neutral_ctrl,13,0.9671819087992575,attn_output,full,,,,,,,
llama3.2-3b-config_cs_suite_reduce_umap_residual_3d-02,emotional_instructional_02_pos_mod_cs,emotional_instructional_02_pos_mod_cs,emotional_instructional_02_neutral_ctrl,13,0.9433512694876136,mlp_output,full,,,,,,,
llama3.2-3b-config_cs_suite_reduce_umap_residual_3d-02,emotional_instructional_02_pos_mod_cs,emotional_instructional_02_pos_mod_cs,emotional_instructional_02_neutral_ctrl,13,0.9580813409040357,residual_stream,full,,,,,,,
llama3.2-3b-config_cs_suite_reduce_umap_residual_3d-02,emotional_instructional_02_pos_mod_cs,emotional_instructional_02_pos_mod_cs,emotional_instructional_02_neutral_ctrl,14,0.9630356034415652,attn_output,full,,,,,,,
llama3.2-3b-config_cs_suite_reduce_umap_residual_3d-02,emotional_instructional_02_pos_mod_cs,emotional_instructional_02_pos_mod_cs,emotional_instructional_02_neutral_ctrl,14,0.9478663045015534,mlp_output,full,,,,,,,
llama3.2-3b-config_cs_suite_reduce_umap_residual_3d-02,emotional_instructional_02_pos_mod_cs,emotional_instructional_02_pos_mod_cs,emotional_instructional_02_neutral_ctrl,14,0.9618110402497585,residual_stream,full,,,,,,,
llama3.2-3b-config_cs_suite_reduce_umap_residual_3d-02,emotional_instructional_02_pos_mod_cs,emotional_instructional_02_pos_mod_cs,emotional_instructional_02_neutral_ctrl,15,0.9824197388516734,attn_output,full,,,,,,,
llama3.2-3b-config_cs_suite_reduce_umap_residual_3d-02,emotional_instructional_02_pos_mod_cs,emotional_instructional_02_pos_mod_cs,emotional_instructional_02_neutral_ctrl,15,0.9439595643370048,mlp_output,full,,,,,,,
llama3.2-3b-config_cs_suite_reduce_umap_residual_3d-02,emotional_instructional_02_pos_mod_cs,emotional_instructional_02_pos_mod_cs,emotional_instructional_02_neutral_ctrl,15,0.9608633755909625,residual_stream,full,,,,,,,
llama3.2-3b-config_cs_suite_reduce_umap_residual_3d-02,emotional_instructional_02_pos_mod_cs,emotional_instructional_02_pos_mod_cs,emotional_instructional_02_neutral_ctrl,16,0.9760543411189733,attn_output,full,,,,,,,
llama3.2-3b-config_cs_suite_reduce_umap_residual_3d-02,emotional_instructional_02_pos_mod_cs,emotional_instructional_02_pos_mod_cs,emotional_instructional_02_neutral_ctrl,16,0.9534199770979511,mlp_output,full,,,,,,,
llama3.2-3b-config_cs_suite_reduce_umap_residual_3d-02,emotional_instructional_02_pos_mod_cs,emotional_instructional_02_pos_mod_cs,emotional_instructional_02_neutral_ctrl,16,0.9646277541890534,residual_stream,full,,,,,,,
llama3.2-3b-config_cs_suite_reduce_umap_residual_3d-02,emotional_instructional_02_pos_mod_cs,emotional_instructional_02_pos_mod_cs,emotional_instructional_02_neutral_ctrl,17,0.9784570482201285,attn_output,full,,,,,,,
llama3.2-3b-config_cs_suite_reduce_umap_residual_3d-02,emotional_instructional_02_pos_mod_cs,emotional_instructional_02_pos_mod_cs,emotional_instructional_02_neutral_ctrl,17,0.9435024283679417,mlp_output,full,,,,,,,
llama3.2-3b-config_cs_suite_reduce_umap_residual_3d-02,emotional_instructional_02_pos_mod_cs,emotional_instructional_02_pos_mod_cs,emotional_instructional_02_neutral_ctrl,17,0.9641557590089395,residual_stream,full,,,,,,,
llama3.2-3b-config_cs_suite_reduce_umap_residual_3d-02,emotional_instructional_02_pos_mod_cs,emotional_instructional_02_pos_mod_cs,emotional_instructional_02_neutral_ctrl,18,0.9729206672670088,attn_output,full,,,,,,,
llama3.2-3b-config_cs_suite_reduce_umap_residual_3d-02,emotional_instructional_02_pos_mod_cs,emotional_instructional_02_pos_mod_cs,emotional_instructional_02_neutral_ctrl,18,0.9460276433821952,mlp_output,full,,,,,,,
llama3.2-3b-config_cs_suite_reduce_umap_residual_3d-02,emotional_instructional_02_pos_mod_cs,emotional_instructional_02_pos_mod_cs,emotional_instructional_02_neutral_ctrl,18,0.9649091654505735,residual_stream,full,,,,,,,
llama3.2-3b-config_cs_suite_reduce_umap_residual_3d-02,emotional_instructional_02_pos_mod_cs,emotional_instructional_02_pos_mod_cs,emotional_instructional_02_neutral_ctrl,19,0.9834366223694514,attn_output,full,,,,,,,
llama3.2-3b-config_cs_suite_reduce_umap_residual_3d-02,emotional_instructional_02_pos_mod_cs,emotional_instructional_02_pos_mod_cs,emotional_instructional_02_neutral_ctrl,19,0.9535537926592691,mlp_output,full,,,,,,,
llama3.2-3b-config_cs_suite_reduce_umap_residual_3d-02,emotional_instructional_02_pos_mod_cs,emotional_instructional_02_pos_mod_cs,emotional_instructional_02_neutral_ctrl,19,0.9676973960993215,residual_stream,full,,,,,,,
llama3.2-3b-config_cs_suite_reduce_umap_residual_3d-02,emotional_instructional_02_pos_mod_cs,emotional_instructional_02_pos_mod_cs,emotional_instructional_02_neutral_ctrl,20,0.9852496820435008,attn_output,full,,,,,,,
llama3.2-3b-config_cs_suite_reduce_umap_residual_3d-02,emotional_instructional_02_pos_mod_cs,emotional_instructional_02_pos_mod_cs,emotional_instructional_02_neutral_ctrl,20,0.9571175281425947,mlp_output,full,,,,,,,
llama3.2-3b-config_cs_suite_reduce_umap_residual_3d-02,emotional_instructional_02_pos_mod_cs,emotional_instructional_02_pos_mod_cs,emotional_instructional_02_neutral_ctrl,20,0.9708321214335346,residual_stream,full,,,,,,,
llama3.2-3b-config_cs_suite_reduce_umap_residual_3d-02,emotional_instructional_02_pos_mod_cs,emotional_instructional_02_pos_mod_cs,emotional_instructional_02_neutral_ctrl,21,0.9849109017884641,attn_output,full,,,,,,,
llama3.2-3b-config_cs_suite_reduce_umap_residual_3d-02,emotional_instructional_02_pos_mod_cs,emotional_instructional_02_pos_mod_cs,emotional_instructional_02_neutral_ctrl,21,0.9551787704211591,mlp_output,full,,,,,,,
llama3.2-3b-config_cs_suite_reduce_umap_residual_3d-02,emotional_instructional_02_pos_mod_cs,emotional_instructional_02_pos_mod_cs,emotional_instructional_02_neutral_ctrl,21,0.9718296750865655,residual_stream,full,,,,,,,
llama3.2-3b-config_cs_suite_reduce_umap_residual_3d-02,emotional_instructional_02_pos_mod_cs,emotional_instructional_02_pos_mod_cs,emotional_instructional_02_neutral_ctrl,22,0.9918939247797904,attn_output,full,,,,,,,
llama3.2-3b-config_cs_suite_reduce_umap_residual_3d-02,emotional_instructional_02_pos_mod_cs,emotional_instructional_02_pos_mod_cs,emotional_instructional_02_neutral_ctrl,22,0.9624097910180948,mlp_output,full,,,,,,,
llama3.2-3b-config_cs_suite_reduce_umap_residual_3d-02,emotional_instructional_02_pos_mod_cs,emotional_instructional_02_pos_mod_cs,emotional_instructional_02_neutral_ctrl,22,0.9747742010729116,residual_stream,full,,,,,,,
llama3.2-3b-config_cs_suite_reduce_umap_residual_3d-02,emotional_instructional_02_pos_mod_cs,emotional_instructional_02_pos_mod_cs,emotional_instructional_02_neutral_ctrl,23,0.988176630583729,attn_output,full,,,,,,,
llama3.2-3b-config_cs_suite_reduce_umap_residual_3d-02,emotional_instructional_02_pos_mod_cs,emotional_instructional_02_pos_mod_cs,emotional_instructional_02_neutral_ctrl,23,0.9652072758057471,mlp_output,full,,,,,,,
llama3.2-3b-config_cs_suite_reduce_umap_residual_3d-02,emotional_instructional_02_pos_mod_cs,emotional_instructional_02_pos_mod_cs,emotional_instructional_02_neutral_ctrl,23,0.976434557527724,residual_stream,full,,,,,,,
llama3.2-3b-config_cs_suite_reduce_umap_residual_3d-02,emotional_instructional_02_pos_mod_cs,emotional_instructional_02_pos_mod_cs,emotional_instructional_02_neutral_ctrl,24,0.9861318896540993,attn_output,full,,,,,,,
llama3.2-3b-config_cs_suite_reduce_umap_residual_3d-02,emotional_instructional_02_pos_mod_cs,emotional_instructional_02_pos_mod_cs,emotional_instructional_02_neutral_ctrl,24,0.9753207127472404,mlp_output,full,,,,,,,
llama3.2-3b-config_cs_suite_reduce_umap_residual_3d-02,emotional_instructional_02_pos_mod_cs,emotional_instructional_02_pos_mod_cs,emotional_instructional_02_neutral_ctrl,24,0.9787863333071009,residual_stream,full,,,,,,,
llama3.2-3b-config_cs_suite_reduce_umap_residual_3d-02,emotional_instructional_02_pos_mod_cs,emotional_instructional_02_pos_mod_cs,emotional_instructional_02_neutral_ctrl,25,0.9935650875306997,attn_output,full,,,,,,,
llama3.2-3b-config_cs_suite_reduce_umap_residual_3d-02,emotional_instructional_02_pos_mod_cs,emotional_instructional_02_pos_mod_cs,emotional_instructional_02_neutral_ctrl,25,0.9727256977755571,mlp_output,full,,,,,,,
llama3.2-3b-config_cs_suite_reduce_umap_residual_3d-02,emotional_instructional_02_pos_mod_cs,emotional_instructional_02_pos_mod_cs,emotional_instructional_02_neutral_ctrl,25,0.9788641585400589,residual_stream,full,,,,,,,
llama3.2-3b-config_cs_suite_reduce_umap_residual_3d-02,emotional_instructional_02_pos_mod_cs,emotional_instructional_02_pos_mod_cs,emotional_instructional_02_neutral_ctrl,26,0.9946654505479181,attn_output,full,,,,,,,
llama3.2-3b-config_cs_suite_reduce_umap_residual_3d-02,emotional_instructional_02_pos_mod_cs,emotional_instructional_02_pos_mod_cs,emotional_instructional_02_neutral_ctrl,26,0.984237641686176,mlp_output,full,,,,,,,
llama3.2-3b-config_cs_suite_reduce_umap_residual_3d-02,emotional_instructional_02_pos_mod_cs,emotional_instructional_02_pos_mod_cs,emotional_instructional_02_neutral_ctrl,26,0.9810976846118756,residual_stream,full,,,,,,,
llama3.2-3b-config_cs_suite_reduce_umap_residual_3d-02,emotional_instructional_02_pos_mod_cs,emotional_instructional_02_pos_mod_cs,emotional_instructional_02_neutral_ctrl,27,0.9884904205103505,attn_output,full,,,,,,,
llama3.2-3b-config_cs_suite_reduce_umap_residual_3d-02,emotional_instructional_02_pos_mod_cs,emotional_instructional_02_pos_mod_cs,emotional_instructional_02_neutral_ctrl,27,0.9929944165536796,mlp_output,full,,,,,,,
llama3.2-3b-config_cs_suite_reduce_umap_residual_3d-02,emotional_instructional_02_pos_mod_cs,emotional_instructional_02_pos_mod_cs,emotional_instructional_02_neutral_ctrl,27,0.9848929614281797,residual_stream,full,,,,,,,
